>>> Model parameters:
{"N": 2000, "k": 30}

>>> Generated tree file:
((((7:160.485,(5:136.457,(29:17.0978,19:17.0978)1:119.359)1:24.0277)1:256.114,((15:131.979,(3:88.4316,9:88.4316)1:43.5471)1:59.5805,((8:58.0071,6:58.0071)1:68.7583,25:126.765)1:64.7938)1:225.039)1:247.786,(((((22:36.3482,(17:11.4591,23:11.4591)1:24.8891)1:95.8697,(20:123.667,(21:113.449,10:113.449)1:10.2175)1:8.55095)1:0.258222,18:132.476)1:65.8455,12:198.322)1:337.851,(28:34.7821,14:34.7821)1:501.39)1:128.212)1:2417.83,(((0:70.1247,(27:7.00315,4:7.00315)1:63.1216)1:454.909,(1:126.024,16:126.024)1:399.01)1:741.599,(24:935.93,((13:182.282,(11:103.57,26:103.57)1:78.7126)1:250.224,2:432.506)1:503.424)1:330.703)1:1815.58);

>>> Likelihood parameters:
{"N": np.linspace(1000, 3000, 1000), "fake": 1}

>>> Likelihood curve:
[-132.10469060672233, -132.04761810938035, -131.9908887567865, -131.93450027038955, -131.87845039065328, -131.82273687686268, -131.76735750693229, -131.7123100772169, -131.6575924023249, -131.60320231493313, -131.5491376656049, -131.49539632260928, -131.4419761717431, -131.38887511615508, -131.33609107617158, -131.28362198912504, -131.231465809184, -131.17962050718535, -131.12808407046845, -131.07685450271137, -131.0259298237688, -130.97530806951207, -130.9249872916711, -130.8749655576779, -130.82524095051224, -130.77581156854893, -130.72667552540676, -130.67783094979953, -130.62927598538872, -130.58100879063747, -130.5330275386667, -130.4853304171128, -130.4379156279869, -130.39078138753567, -130.34392592610368, -130.29734748799794, -130.25104433135274, -130.2050147279976, -130.1592569633254, -130.11376933616268, -130.0685501586412, -130.02359775607113, -129.97891046681556, -129.93448664216638, -129.89032464622144, -129.8464228557635, -129.80277966014023, -129.7593934611455, -129.71626267290225, -129.67338572174646, -129.6307610461125, -129.5883870964197, -129.54626233496032, -129.5043852357886, -129.46275428461107, -129.42136797867815, -129.38022482667688, -129.33932334862476, -129.29866207576504, -129.25823955046272, -129.2180543261022, -129.1781049669855, -129.13839004823205, -129.09890815567937, -129.05965788578476, -129.02063784552817, -128.98184665231622, -128.94328293388705, -128.90494532821626, -128.86683248342385, -128.82894305768238, -128.79127571912568, -128.75382914575906, -128.71660202537, -128.67959305544022, -128.6428009430582, -128.60622440483323, -128.5698621668098, -128.53371296438326, -128.4977755422163, -128.46204865415615, -128.42653106315313, -128.39122154117908, -128.35611886914796, -128.32122183683623, -128.2865292428044, -128.2520398943198, -128.21775260727935, -128.18366620613403, -128.14977952381318, -128.1160914016507, -128.0826006893109, -128.04930624471606, -128.01620693397388, -127.98330163130652, -127.95058921897974, -127.91806858723307, -127.88573863421064, -127.85359826589271, -127.8216463960278, -127.7898819460658, -127.7583038450914, -127.72691102975848, -127.69570244422509, -127.66467704008899, -127.63383377632388, -127.60317161921648, -127.57268954230406, -127.54238652631238, -127.51226155909488, -127.48231363557167, -127.45254175767015, -127.42294493426498, -127.3935221811198, -127.36427252082896, -127.33519498275973, -127.30628860299532, -127.27755242427877, -127.24898549595659, -127.22058687392371, -127.1923556205686, -127.16429080471896, -127.13639150158811, -127.10865679272186, -127.08108576594564, -127.05367751531263, -127.02643114105184, -126.99934574951718, -126.97242045313686, -126.94565437036319, -126.91904662562287, -126.89259634926806, -126.86630267752743, -126.84016475245816, -126.81418172189818, -126.78835273941874, -126.76267696427782, -126.73715356137365, -126.71178170119872, -126.68656055979446, -126.66148931870615, -126.6365671649383, -126.61179329091034, -126.58716689441319, -126.56268717856555, -126.5383533517713, -126.51416462767682, -126.49012022512875, -126.46621936813261, -126.44246128581126, -126.41884521236393, -126.39537038702593, -126.3720360540282, -126.34884146255783, -126.32578586671829, -126.3028685254908, -126.2800887026954, -126.25744566695278, -126.23493869164618, -126.21256705488399, -126.1903300394624, -126.16822693282853, -126.1462570270439, -126.12441961874815, -126.10271400912325, -126.08113950385795, -126.05969541311256, -126.03838105148388, -126.0171957379711, -125.99613879594094, -125.97520955309415, -125.95440734143193, -125.93373149722217, -125.9131813609669, -125.89275627736939, -125.87245559530164, -125.85227866777262, -125.83222485189594, -125.81229350885877, -125.79248400389037, -125.7727957062312, -125.75322798910214, -125.73378022967424, -125.71445180903842, -125.69524211217579, -125.6761505279279, -125.65717644896753, -125.63831927176952, -125.61957839658211, -125.60095322739818, -125.58244317192724, -125.5640476415672, -125.54576605137663, -125.52759782004718, -125.50954236987637, -125.49159912674057, -125.47376752006792, -125.4560469828122, -125.438436951426, -125.42093686583502, -125.4035461694119, -125.38626430895087, -125.36909073464186, -125.35202490004583, -125.33506626206949, -125.3182142809405, -125.30146842018306, -125.28482814659358, -125.26829293021642, -125.25186224432011, -125.23553556537367, -125.21931237302292, -125.20319215006741, -125.18717438243719, -125.17125855916998, -125.15544417238843, -125.13973071727774, -125.12411769206311, -125.10860459798792, -125.09319093929155, -125.07787622318789, -125.06265995984349, -125.0475416623565, -125.03252084673532, -125.01759703187761, -125.00276973954945, -124.98803849436476, -124.97340282376489, -124.95886225799806, -124.94441633009951, -124.93006457587147, -124.91580653386316, -124.90164174535157, -124.88756975432165, -124.8735901074472, -124.85970235407173, -124.84590604618936, -124.83220073842624, -124.81858598802167, -124.8050613548097, -124.79162640120086, -124.77828069216385, -124.76502379520763, -124.75185528036323, -124.7387747201666, -124.72578168964036, -124.71287576627677, -124.7000565300203, -124.68732356325047, -124.67467645076484, -124.66211477976215, -124.64963813982563, -124.63724612290619, -124.62493832330625, -124.6127143376632, -124.60057376493336, -124.58851620637564, -124.57654126553598, -124.56464854823128, -124.55283766253385, -124.54110821875582, -124.52945982943375, -124.5178921093132, -124.50640467533387, -124.49499714661412, -124.48366914443648, -124.47242029223266, -124.46125021556867, -124.45015854213057, -124.43914490170982, -124.42820892618911, -124.41735024952787, -124.40656850774853, -124.39586333892225, -124.38523438315501, -124.37468128257413, -124.36420368131432, -124.35380122550434, -124.34347356325338, -124.33322034463777, -124.32304122168789, -124.31293584837488, -124.30290388059771, -124.29294497617015, -124.28305879480807, -124.27324499811677, -124.26350324957801, -124.2538332145382, -124.24423456019508, -124.2347069555862, -124.22525007157613, -124.21586358084471, -124.20654715787482, -124.19730047894049, -124.18812322209504, -124.1790150671593, -124.1699756957101, -124.16100479106835, -124.15210203828808, -124.14326712414459, -124.13449973712329, -124.12579956740859, -124.1171663068726, -124.10859964906422, -124.1000992891982, -124.09166492414391, -124.08329625241522, -124.07499297415906, -124.06675479114531, -124.05858140675608, -124.05047252597521, -124.04242785537775, -124.03444710312019, -124.02652997892955, -124.0186761940936, -124.01088546145088, -124.00315749538042, -123.99549201179195, -123.98788872811613, -123.98034736329473, -123.97286763777085, -123.96544927347934, -123.95809199383736, -123.95079552373478, -123.94355958952484, -123.93638391901465, -123.92926824145621, -123.92221228753698, -123.9152157893709, -123.90827848048913, -123.90140009583133, -123.89458037173654, -123.88781904593426, -123.88111585753603, -123.87447054702619, -123.86788285625366, -123.86135252842304, -123.85487930808624, -123.84846294113393, -123.84210317478725, -123.83579975758934, -123.82955243939703, -123.82336097137271, -123.81722510597623, -123.81114459695655, -123.80511919934398, -123.79914866944203, -123.79323276481946, -123.78737124430255, -123.78156386796724, -123.77581039713131, -123.77011059434659, -123.76446422339173, -123.75887104926413, -123.75333083817267, -123.74784335753027, -123.74240837594623, -123.73702566321913, -123.7316949903294, -123.72641612943201, -123.72118885384933, -123.71601293806398, -123.71088815771171, -123.7058142895743, -123.70079111157264, -123.69581840275968, -123.69089594331373, -123.6860235145312, -123.68120089882028, -123.67642787969385, -123.67170424176291, -123.66702977072991, -123.66240425338212, -123.65782747758499, -123.6532992322758, -123.64881930745712, -123.64438749419024, -123.64000358458895, -123.63566737181324, -123.63137865006291, -123.62713721457119, -123.62294286159893, -123.61879538842805, -123.6146945933557, -123.61064027568798, -123.60663223573397, -123.6026702747999, -123.598754195183, -123.59488380016566, -123.5910588940097, -123.58727928195025, -123.58354477019034, -123.57985516589483, -123.57621027718496, -123.57260991313251, -123.56905388375428, -123.56554200000653, -123.56207407377931, -123.5586499178911, -123.55526934608316, -123.55193217301445, -123.5486382142557, -123.54538728628464, -123.54217920648023, -123.53901379311763, -123.53589086536286, -123.53281024326763, -123.5297717477641, -123.52677520065984, -123.52382042463269, -123.52090724322565, -123.51803548084189, -123.51520496273972, -123.51241551502771, -123.50966696465969, -123.50695913942975, -123.50429186796765, -123.50166497973377, -123.49907830501428, -123.49653167491662, -123.49402492136448, -123.49155787709334, -123.48913037564566, -123.48674225136624, -123.48439333939763, -123.48208347567572, -123.47981249692488, -123.47758024065378, -123.47538654515056, -123.47323124947873, -123.4711141934725, -123.4690352177324, -123.46699416362117, -123.46499087325904, -123.46302518951974, -123.46109695602604, -123.45920601714555, -123.45735221798658, -123.45553540439386, -123.45375542294428, -123.45201212094307, -123.45030534641924, -123.44863494812192, -123.44700077551612, -123.44540267877862, -123.44384050879412, -123.44231411715124, -123.44082335613831, -123.43936807873993, -123.4379481386327, -123.4365633901814, -123.43521368843533, -123.4338988891242, -123.43261884865461, -123.43137342410616, -123.43016247322753, -123.42898585443314, -123.42784342679917, -123.4267350500599, -123.42566058460412, -123.42461989147154, -123.42361283234916, -123.42263926956761, -123.4216990660977, -123.42079208554682, -123.41991819215546, -123.41907725079375, -123.41826912695788, -123.41749368676679, -123.41675079695872, -123.41604032488765, -123.4153621385203, -123.4147161064323, -123.4141020978052, -123.41351998242295, -123.4129696306689, -123.41245091352212, -123.41196370255449, -123.41150786992733, -123.41108328838816, -123.4106898312676, -123.41032737247619, -123.4099957865011, -123.4096949484033, -123.40942473381412, -123.40918501893236, -123.40897568052118, -123.40879659590507, -123.4086476429668, -123.40852870014434, -123.40843964642806, -123.40838036135746, -123.40835072501856, -123.40835061804073, -123.40837992159382, -123.40843851738529, -123.4085262876574, -123.40864311518412, -123.40878888326858, -123.40896347574001, -123.40916677695107, -123.40939867177504, -123.40965904560287, -123.40994778434079, -123.41026477440715, -123.41060990273002, -123.4109830567443, -123.41138412438919, -123.41181299410532, -123.41226955483228, -123.41275369600581, -123.4132653075554, -123.4138042799014, -123.41437050395278, -123.41496387110413, -123.41558427323346, -123.41623160269958, -123.41690575233943, -123.41760661546569, -123.4183340858642, -123.41908805779167, -123.41986842597296, -123.42067508559884, -123.42150793232337, -123.42236686226161, -123.42325177198727, -123.42416255853007, -123.42509911937367, -123.42606135245306, -123.42704915615236, -123.42806242930243, -123.4291010711786, -123.43016498149822, -123.43125406041861, -123.43236820853456, -123.4335073268762, -123.43467131690667, -123.43586008052, -123.4370735200387, -123.43831153821168, -123.43957403821217, -123.44086092363524, -123.44217209849586, -123.44350746722665, -123.44486693467579, -123.4462504061049, -123.44765778718676, -123.44908898400348, -123.45054390304418, -123.45202245120296, -123.45352453577688, -123.45505006446396, -123.45659894536097, -123.45817108696156, -123.45976639815404, -123.4613847882197, -123.46302616683053, -123.46469044404725, -123.46637753031752, -123.46808733647386, -123.46981977373176, -123.47157475368748, -123.47335218831665, -123.4751519899719, -123.47697407138118, -123.47881834564568, -123.48068472623822, -123.4825731270011, -123.48448346214448, -123.48641564624437, -123.48836959424087, -123.49034522143634, -123.4923424434935, -123.49436117643381, -123.49640133663547, -123.49846284083182, -123.50054560610936, -123.5026495499062, -123.50477459001019, -123.5069206445572, -123.5090876320294, -123.51127547125344, -123.51348408139897, -123.51571338197672, -123.51796329283687, -123.52023373416742, -123.52252462649244, -123.52483589067052, -123.5271674478929, -123.5295192196821, -123.53189112789009, -123.53428309469685, -123.53669504260836, -123.53912689445556, -123.54157857339234, -123.54405000289404, -123.546541106756, -123.54905180909182, -123.55158203433186, -123.55413170722176, -123.55670075282084, -123.55928909650054, -123.56189666394293, -123.56452338113922, -123.5671691743881, -123.56983397029454, -123.57251769576794, -123.57522027802095, -123.57794164456779, -123.58068172322298, -123.58344044209959, -123.58621772960814, -123.58901351445488, -123.5918277256405, -123.5946602924587, -123.59751114449472, -123.60038021162391, -123.60326742401054, -123.60617271210603, -123.60909600664786, -123.61203723865817, -123.61499633944229, -123.61797324058745, -123.6209678739612, -123.62398017171064, -123.62701006626037, -123.63005749031163, -123.63312237684077, -123.6362046590981, -123.63930427060636, -123.64242114515959, -123.64555521682185, -123.64870641992574, -123.65187468907136, -123.65505995912481, -123.65826216521715, -123.66148124274291, -123.66471712735905, -123.66796975498353, -123.67123906179427, -123.67452498422773, -123.6778274589778, -123.68114642299446, -123.68448181348276, -123.6878335679015, -123.69120162396199, -123.69458591962693, -123.69798639310918, -123.70140298287072, -123.70483562762118, -123.70828426631701, -123.71174883816015, -123.71522928259685, -123.71872553931657, -123.72223754825086, -123.72576524957223, -123.72930858369297, -123.73286749126406, -123.73644191317413, -123.74003179054809, -123.74363706474637, -123.74725767736362, -123.75089357022765, -123.7545446853984, -123.75821096516671, -123.76189235205345, -123.7655887888083, -123.76930021840882, -123.77302658405918, -123.77676782918937, -123.78052389745393, -123.78429473273115, -123.78808027912173, -123.79188048094802, -123.79569528275285, -123.79952462929853, -123.80336846556602, -123.80722673675359, -123.81109938827606, -123.81498636576373, -123.81888761506151, -123.82280308222764, -123.82673271353299, -123.83067645546011, -123.83463425470188, -123.83860605816103, -123.84259181294888, -123.84659146638447, -123.85060496599361, -123.85463225950792, -123.85867329486389, -123.86272802020207, -123.86679638386589, -123.87087833440087, -123.87497382055385, -123.87908279127187, -123.88320519570122, -123.88734098318686, -123.89149010327101, -123.89565250569284, -123.89982814038706, -123.9040169574834, -123.9082189073055, -123.9124339403702, -123.91666200738646, -123.92090305925481, -123.92515704706614, -123.92942392210104, -123.93370363582898, -123.93799613990726, -123.94230138618045, -123.94661932667927, -123.9509499136199, -123.95529309940312, -123.95964883661358, -123.96401707801883, -123.96839777656842, -123.97279088539347, -123.9771963578054, -123.98161414729549, -123.98604420753384, -123.99048649236862, -123.99494095582543, -123.99940755210632, -124.00388623558905, -124.00837696082638, -124.01287968254526, -124.017394355646, -124.02192093520165, -124.02645937645696, -124.03100963482794, -124.03557166590089, -124.04014542543172, -124.04473086934522, -124.04932795373416, -124.0539366348588, -124.05855686914603, -124.06318861318854, -124.06783182374424, -124.07248645773544, -124.07715247224817, -124.08182982453147, -124.0865184719966, -124.09121837221642, -124.09592948292465, -124.1006517620151, -124.10538516754116, -124.11012965771472, -124.114885190906, -124.11965172564237, -124.12442922060802, -124.12921763464303, -124.13401692674289, -124.13882705605761, -124.14364798189123, -124.14847966370107, -124.15332206109709, -124.15817513384116, -124.16303884184646, -124.16791314517688, -124.17279800404623, -124.17769337881765, -124.18259923000308, -124.18751551826242, -124.19244220440297, -124.19737924937883, -124.20232661429017, -124.20728426038283, -124.21225214904744, -124.21723024181883, -124.22221850037549, -124.22721688653903, -124.23222536227324, -124.23724388968398, -124.2422724310181, -124.24731094866308, -124.25235940514632, -124.25741776313464, -124.26248598543364, -124.26756403498709, -124.27265187487635, -124.27774946831971, -124.28285677867204, -124.28797376942381, -124.29310040420106, -124.29823664676412, -124.30338246100771, -124.30853781096005, -124.31370266078216, -124.31887697476756, -124.32406071734175, -124.32925385306126, -124.33445634661344, -124.33966816281584, -124.3448892666156, -124.3501196230889, -124.3553591974404, -124.36060795500288, -124.36586586123643, -124.37113288172804, -124.37640898219114, -124.3816941284649, -124.38698828651378, -124.39229142242716, -124.39760350241843, -124.40292449282491, -124.40825436010698, -124.41359307084781, -124.4189405917526, -124.4242968896484, -124.4296619314832, -124.43503568432583, -124.440418115365, -124.44580919190935, -124.45120888138644, -124.45661715134246, -124.46203396944189, -124.46745930346668, -124.47289312131612, -124.47833539100597, -124.48378608066827, -124.48924515855072, -124.49471259301635, -124.50018835254275, -124.5056724057219, -124.51116472125949, -124.51666526797456, -124.52217401479898, -124.52769093077697, -124.53321598506471, -124.53874914692982, -124.54429038575088, -124.5498396710169, -124.55539697232722, -124.5609622593906, -124.5665355020249, -124.57211667015699, -124.57770573382163, -124.5833026631617, -124.58890742842728, -124.59451999997549, -124.60014034826989, -124.6057684438801, -124.61140425748145, -124.61704775985427, -124.62269892188382, -124.62835771455971, -124.63402410897527, -124.63969807632749, -124.64537958791632, -124.6510686151444, -124.65676512951651, -124.66246910263929, -124.66818050622078, -124.67389931206992, -124.67962549209626, -124.68535901830948, -124.69109986281903, -124.69684799783366, -124.70260339566109, -124.7083660287075, -124.7141358694773, -124.7199128905726, -124.72569706469278, -124.7314883646343, -124.73728676329002, -124.74309223364911, -124.74890474879635, -124.75472428191206, -124.76055080627145, -124.76638429524448, -124.77222472229515, -124.77807206098146, -124.78392628495493, -124.78978736796, -124.79565528383401, -124.80153000650658, -124.80741150999931, -124.8132997684255, -124.81919475598951, -124.82509644698678, -124.8310048158032, -124.8369198369148, -124.84284148488734, -124.84876973437619, -124.8547045601256, -124.86064593696871, -124.86659383982696, -124.87254824370973, -124.87850912371417, -124.88447645502471, -124.89045021291277, -124.89643037273639, -124.90241690993977, -124.90840980005325, -124.91440901869258, -124.92041454155893, -124.92642634443817, -124.93244440320099, -124.93846869380216, -124.94449919228035, -124.95053587475797, -124.95657871744046, -124.96262769661638, -124.96868278865675, -124.97474397001487, -124.98081121722606, -124.98688450690713, -124.99296381575626, -124.99904912055263, -125.00514039815606, -125.01123762550668, -125.01734077962459, -125.02344983760973, -125.02956477664134, -125.0356855739778, -125.0418122069562, -125.04794465299214, -125.05408288957932, -125.06022689428947, -125.06637664477161, -125.07253211875216, -125.0786932940345, -125.08486014849852, -125.09103266010058, -125.09721080687302, -125.10339456692397, -125.10958391843695, -125.11577883967064, -125.12197930895876, -125.12818530470929, -125.1343968054048, -125.14061378960164, -125.14683623593002, -125.15306412309349, -125.15929742986872, -125.16553613510533, -125.17178021772537, -125.17802965672331, -125.18428443116562, -125.19054452019041, -125.19680990300729, -125.20308055889717, -125.20935646721168, -125.21563760737315, -125.22192395887429, -125.22821550127787, -125.23451221421662, -125.24081407739251, -125.24712107057711, -125.25343317361083, -125.25975036640287, -125.26607262893093, -125.27239994124093, -125.2787322834467, -125.28506963572983, -125.29141197833938, -125.29775929159156, -125.30411155586943, -125.31046875162286, -125.31683085936801, -125.32319785968726, -125.32956973322896, -125.33594646070695, -125.34232802290065, -125.34871440065457, -125.35510557487808, -125.3615015265453, -125.36790223669473, -125.37430768642903, -125.38071785691481, -125.3871327293823, -125.3935522851253, -125.39997650550066, -125.40640537192834, -125.41283886589086, -125.41927696893346, -125.4257196626634, -125.43216692875004, -125.4386187489245, -125.44507510497957, -125.45153597876919, -125.45800135220843, -125.46447120727323, -125.47094552600022, -125.47742429048628, -125.48390748288854, -125.49039508542413, -125.49688708036973, -125.50338345006166, -125.50988417689547, -125.51638924332566, -125.52289863186569, -125.52941232508758, -125.5359303056216, -125.54245255615645, -125.54897905943847, -125.55550979827196, -125.56204475551857, -125.5685839140974]
